c = 2.998E+8;
h = 6.626E-34;
kb = 1.381E-23;
t = 200;